S DZVP-MOLOPT-SR-GTH_robust_1
 1
2 0 2 4 2 2 1
      2.215854692813  0.170962878400 -0.080726543800  0.092191824200  0.057845138800  0.113762894700
      1.131470525271  0.127069405600 -0.209877313900 -0.162197093800 -0.094737441500  0.350414093700
      0.410168143974 -0.733925381700  0.683497090800 -0.605594737600 -0.369172638100  0.866785684700
      0.140587330023 -0.176971633900 -0.625512739500 -0.213309789800  1.155699504700  0.217880463100

Mo DZVP-MOLOPT-SR-GTH_robust_1
 1
2 0 3 11 3 2 2 1
      2.540273246178 -0.578530819221  0.207479779241 -0.299914438061  0.307100812758 -0.056135943926 -0.149151531382  0.078318936957  0.090482429273
      1.999996221023  0.255133124027 -0.231957971109 -0.417466028636 -0.375633370985  0.137590516968  0.289650418561 -0.193587305622 -0.158221499177
      0.894040376874  0.676100594670  0.285544120446  0.515341081590 -0.244205356948  0.160869646404  0.207391250228 -0.376645017726 -0.294586192143
      0.439256605865  0.131763425580  0.062954195096 -0.748853953260 -0.177325998176 -0.132932627695  0.312615422763 -0.186682023670 -0.705339054554
      0.189497802537  0.085911973535 -0.210930323620  1.300969236640 -0.016882413378 -0.383867077982  0.200727667932  0.236167100944 -0.270988043507
      0.083802212693 -0.062285567387 -0.868201464922 -3.373816977234 -0.000916114554 -0.526274675338  0.047819428716  0.096109040144 -0.475221485624
      0.14 2.0447954577845295 -72.58864463691627 249.49475594028817 0.1116909681717178 -67.62591262048655 1.7269243821562752 136.4648800312142 80.78354915246727 
      0.17 -8.949166895820285 317.68844806657734 -1091.9283892388548 -0.4888220536284958 295.96876118778323 -7.557985544980783 -597.2465276016462 -353.55392689761703 
      0.2 15.242411980120718 -541.0937423703176 1859.7957279511297 0.8325721503589469 -504.1003083065923 12.872922223654074 1017.2430275775298 602.1805910760147 
      0.23 -11.727524985642743 416.3179942583195 -1430.9284446703275 -0.6405817339420533 387.8552140334518 -9.904437513763044 -782.6676668984686 -463.31826858659326 
      0.26 3.4058470967063266 -120.90491674817675 415.56283144493636 0.18603443108589332 -112.63890345792726 2.876395470660369 227.2982922019304 134.55449311329406 

S DZVP-MOLOPT-SR-GTH_robust_2
 1
2 0 2 4 2 2 1
      2.215854692813  0.170962878400 -0.080726543800  0.092191824200  0.057845138800  0.113762894700
      1.131470525271  0.127069405600 -0.209877313900 -0.162197093800 -0.094737441500  0.350414093700
      0.410168143974 -0.733925381700  0.683497090800 -0.605594737600 -0.369172638100  0.866785684700
      0.140587330023 -0.176971633900 -0.625512739500 -0.213309789800  1.155699504700  0.217880463100

Mo DZVP-MOLOPT-SR-GTH_robust_2
 1
2 0 3 8 3 2 2 1
      2.540273246178 -0.578530819221  0.207479779241 -0.299914438061  0.307100812758 -0.056135943926 -0.149151531382  0.078318936957  0.090482429273
      1.999996221023  0.255133124027 -0.231957971109 -0.417466028636 -0.375633370985  0.137590516968  0.289650418561 -0.193587305622 -0.158221499177
      0.894040376874  0.676100594670  0.285544120446  0.515341081590 -0.244205356948  0.160869646404  0.207391250228 -0.376645017726 -0.294586192143
      0.439256605865  0.131763425580  0.062954195096 -0.748853953260 -0.177325998176 -0.132932627695  0.312615422763 -0.186682023670 -0.705339054554
      0.189497802537  0.085911973535 -0.210930323620  1.300969236640 -0.016882413378 -0.383867077982  0.200727667932  0.236167100944 -0.270988043507
      0.083802212693 -0.062285567387 -0.868201464922 -3.373816977234 -0.000916114554 -0.526274675338  0.047819428716  0.096109040144 -0.475221485624
      0.1 0.06031502399175114 -2.1411363303535147 7.359309281065651 0.003294531684962764 -1.9947513706764708 0.05093882869563356 4.025284036004278 2.382860195977268 
      0.13 -0.04484321737913704 1.591899257364828 -5.471524074934655 -0.0024494295240841623 1.483064474032376 -0.03787217209014659 -2.99273174564262 -1.7716169319092956 

S DZVP-MOLOPT-SR-GTH_robust_3
 1
2 0 2 4 2 2 1
      2.215854692813  0.170962878400 -0.080726543800  0.092191824200  0.057845138800  0.113762894700
      1.131470525271  0.127069405600 -0.209877313900 -0.162197093800 -0.094737441500  0.350414093700
      0.410168143974 -0.733925381700  0.683497090800 -0.605594737600 -0.369172638100  0.866785684700
      0.140587330023 -0.176971633900 -0.625512739500 -0.213309789800  1.155699504700  0.217880463100

Mo DZVP-MOLOPT-SR-GTH_robust_3
 1
2 0 3 8 3 2 2 1
      2.540273246178 -0.578530819221  0.207479779241 -0.299914438061  0.307100812758 -0.056135943926 -0.149151531382  0.078318936957  0.090482429273
      1.999996221023  0.255133124027 -0.231957971109 -0.417466028636 -0.375633370985  0.137590516968  0.289650418561 -0.193587305622 -0.158221499177
      0.894040376874  0.676100594670  0.285544120446  0.515341081590 -0.244205356948  0.160869646404  0.207391250228 -0.376645017726 -0.294586192143
      0.439256605865  0.131763425580  0.062954195096 -0.748853953260 -0.177325998176 -0.132932627695  0.312615422763 -0.186682023670 -0.705339054554
      0.189497802537  0.085911973535 -0.210930323620  1.300969236640 -0.016882413378 -0.383867077982  0.200727667932  0.236167100944 -0.270988043507
      0.083802212693 -0.062285567387 -0.868201464922 -3.373816977234 -0.000916114554 -0.526274675338  0.047819428716  0.096109040144 -0.475221485624
      0.13 0.09471157197831793 -3.362186968464153 11.55618790402335 0.005173342463693192 -3.1323213607361082 0.07998830508891976 6.320829429850395 3.7417615053329842 
      0.16 -0.07965947981001634 2.827849431040843 -9.719613958387727 -0.00435116597611969 2.634515349942271 -0.06727611675294456 -5.316287902654522 -3.147099861843754 

S DZVP-MOLOPT-SR-GTH_robust_4
 1
2 0 2 4 2 2 1
      2.215854692813  0.170962878400 -0.080726543800  0.092191824200  0.057845138800  0.113762894700
      1.131470525271  0.127069405600 -0.209877313900 -0.162197093800 -0.094737441500  0.350414093700
      0.410168143974 -0.733925381700  0.683497090800 -0.605594737600 -0.369172638100  0.866785684700
      0.140587330023 -0.176971633900 -0.625512739500 -0.213309789800  1.155699504700  0.217880463100

Mo DZVP-MOLOPT-SR-GTH_robust_4
 1
2 0 3 9 3 2 2 1
      2.540273246178 -0.578530819221  0.207479779241 -0.299914438061  0.307100812758 -0.056135943926 -0.149151531382  0.078318936957  0.090482429273
      1.999996221023  0.255133124027 -0.231957971109 -0.417466028636 -0.375633370985  0.137590516968  0.289650418561 -0.193587305622 -0.158221499177
      0.894040376874  0.676100594670  0.285544120446  0.515341081590 -0.244205356948  0.160869646404  0.207391250228 -0.376645017726 -0.294586192143
      0.439256605865  0.131763425580  0.062954195096 -0.748853953260 -0.177325998176 -0.132932627695  0.312615422763 -0.186682023670 -0.705339054554
      0.189497802537  0.085911973535 -0.210930323620  1.300969236640 -0.016882413378 -0.383867077982  0.200727667932  0.236167100944 -0.270988043507
      0.083802212693 -0.062285567387 -0.868201464922 -3.373816977234 -0.000916114554 -0.526274675338  0.047819428716  0.096109040144 -0.475221485624
      0.13 0.515514187230896 -18.300351753879635 62.90022106479149 0.02815845392206573 -17.04919543300908 0.4353755853121227 34.40421458636975 20.366372354955445 
      0.15 -0.9731983658375097 34.54778328564277 -118.74434082966486 -0.053158112851686055 32.18582445494791 -0.8219110523946282 -64.9489892668688 -38.448059791230094 
      0.16999999999999998 0.4743202153189533 -16.837997865662903 57.8739579589859 0.025908353752795762 -15.686819585389525 0.4005853698791956 31.655024972527777 18.738925833561396 

S DZVP-MOLOPT-SR-GTH_robust_5
 1
2 0 2 4 2 2 1
      2.215854692813  0.170962878400 -0.080726543800  0.092191824200  0.057845138800  0.113762894700
      1.131470525271  0.127069405600 -0.209877313900 -0.162197093800 -0.094737441500  0.350414093700
      0.410168143974 -0.733925381700  0.683497090800 -0.605594737600 -0.369172638100  0.866785684700
      0.140587330023 -0.176971633900 -0.625512739500 -0.213309789800  1.155699504700  0.217880463100

Mo DZVP-MOLOPT-SR-GTH_robust_5
 1
2 0 3 9 3 2 2 1
      2.540273246178 -0.578530819221  0.207479779241 -0.299914438061  0.307100812758 -0.056135943926 -0.149151531382  0.078318936957  0.090482429273
      1.999996221023  0.255133124027 -0.231957971109 -0.417466028636 -0.375633370985  0.137590516968  0.289650418561 -0.193587305622 -0.158221499177
      0.894040376874  0.676100594670  0.285544120446  0.515341081590 -0.244205356948  0.160869646404  0.207391250228 -0.376645017726 -0.294586192143
      0.439256605865  0.131763425580  0.062954195096 -0.748853953260 -0.177325998176 -0.132932627695  0.312615422763 -0.186682023670 -0.705339054554
      0.189497802537  0.085911973535 -0.210930323620  1.300969236640 -0.016882413378 -0.383867077982  0.200727667932  0.236167100944 -0.270988043507
      0.083802212693 -0.062285567387 -0.868201464922 -3.373816977234 -0.000916114554 -0.526274675338  0.047819428716  0.096109040144 -0.475221485624
      0.15 0.28731434214364915 -10.199435156977154 35.05652430827526 0.0156937051681508 -9.502121360084915 0.24265025672965962 19.174689127274014 11.350901720956417 
      0.19 -0.5386422917364483 19.121381433248136 -65.72218585692097 -0.02942175895062864 17.81409305072218 -0.45490833976521156 -35.947730342277765 -21.280092287193558 
      0.23 0.26822039569246975 -9.521614943525261 32.72678541354228 0.014650754218102335 -8.870642280174042 0.22652453542457904 17.900403671551334 10.596558905991124 

S DZVP-MOLOPT-SR-GTH_robust_6
 1
2 0 2 4 2 2 1
      2.215854692813  0.170962878400 -0.080726543800  0.092191824200  0.057845138800  0.113762894700
      1.131470525271  0.127069405600 -0.209877313900 -0.162197093800 -0.094737441500  0.350414093700
      0.410168143974 -0.733925381700  0.683497090800 -0.605594737600 -0.369172638100  0.866785684700
      0.140587330023 -0.176971633900 -0.625512739500 -0.213309789800  1.155699504700  0.217880463100

Mo DZVP-MOLOPT-SR-GTH_robust_6
 1
2 0 3 9 3 2 2 1
      2.540273246178 -0.578530819221  0.207479779241 -0.299914438061  0.307100812758 -0.056135943926 -0.149151531382  0.078318936957  0.090482429273
      1.999996221023  0.255133124027 -0.231957971109 -0.417466028636 -0.375633370985  0.137590516968  0.289650418561 -0.193587305622 -0.158221499177
      0.894040376874  0.676100594670  0.285544120446  0.515341081590 -0.244205356948  0.160869646404  0.207391250228 -0.376645017726 -0.294586192143
      0.439256605865  0.131763425580  0.062954195096 -0.748853953260 -0.177325998176 -0.132932627695  0.312615422763 -0.186682023670 -0.705339054554
      0.189497802537  0.085911973535 -0.210930323620  1.300969236640 -0.016882413378 -0.383867077982  0.200727667932  0.236167100944 -0.270988043507
      0.13 -0.2086587361680471 -2.908503976278815 -11.302399834586376 -0.0030690144288978787 -1.7630377829101365 0.16019668727046285 0.3219685023686038 -1.592007888024822 
      0.16 0.14782772291988758 2.060577610181928 8.007371566419353 0.00217429388754118 1.2490531940126044 -0.11349398512329495 -0.22810389553373378 1.127884244289063 
      0.13 0.09471157197831793 -3.362186968464153 11.55618790402335 0.005173342463693192 -3.1323213607361082 0.07998830508891976 6.320829429850395 3.7417615053329842 
      0.16 -0.07965947981001634 2.827849431040843 -9.719613958387727 -0.00435116597611969 2.634515349942271 -0.06727611675294456 -5.316287902654522 -3.147099861843754 

S DZVP-MOLOPT-SR-GTH_robust_7
 1
2 0 2 4 2 2 1
      2.215854692813  0.170962878400 -0.080726543800  0.092191824200  0.057845138800  0.113762894700
      1.131470525271  0.127069405600 -0.209877313900 -0.162197093800 -0.094737441500  0.350414093700
      0.410168143974 -0.733925381700  0.683497090800 -0.605594737600 -0.369172638100  0.866785684700
      0.140587330023 -0.176971633900 -0.625512739500 -0.213309789800  1.155699504700  0.217880463100

Mo DZVP-MOLOPT-SR-GTH_robust_7
 1
2 0 3 7 3 2 2 1
      2.540273246178 -0.578530819221  0.207479779241 -0.299914438061  0.307100812758 -0.056135943926 -0.149151531382  0.078318936957  0.090482429273
      1.999996221023  0.255133124027 -0.231957971109 -0.417466028636 -0.375633370985  0.137590516968  0.289650418561 -0.193587305622 -0.158221499177
      0.894040376874  0.676100594670  0.285544120446  0.515341081590 -0.244205356948  0.160869646404  0.207391250228 -0.376645017726 -0.294586192143
      0.439256605865  0.131763425580  0.062954195096 -0.748853953260 -0.177325998176 -0.132932627695  0.312615422763 -0.186682023670 -0.705339054554
      0.189497802537  0.085911973535 -0.210930323620  1.300969236640 -0.016882413378 -0.383867077982  0.200727667932  0.236167100944 -0.270988043507
      0.13 -0.11394716418972915 -6.270690944742968 0.25378806943697363 0.0021043280347953137 -4.895359143646244 0.24018499235938262 6.642797932218999 2.1497536173081624 
      0.16 0.06816824310987124 4.888427041222771 -1.712242391968374 -0.00217687208857851 3.8835685439548753 -0.18077010187623951 -5.544391798188256 -2.019215617554691 

S DZVP-MOLOPT-SR-GTH_robust_8
 1
2 0 2 4 2 2 1
      2.215854692813  0.170962878400 -0.080726543800  0.092191824200  0.057845138800  0.113762894700
      1.131470525271  0.127069405600 -0.209877313900 -0.162197093800 -0.094737441500  0.350414093700
      0.410168143974 -0.733925381700  0.683497090800 -0.605594737600 -0.369172638100  0.866785684700
      0.140587330023 -0.176971633900 -0.625512739500 -0.213309789800  1.155699504700  0.217880463100

Mo DZVP-MOLOPT-SR-GTH_robust_8
 1
2 0 3 7 3 2 2 1
      2.540273246178 -0.578530819221  0.207479779241 -0.299914438061  0.307100812758 -0.056135943926 -0.149151531382  0.078318936957  0.090482429273
      1.999996221023  0.255133124027 -0.231957971109 -0.417466028636 -0.375633370985  0.137590516968  0.289650418561 -0.193587305622 -0.158221499177
      0.894040376874  0.676100594670  0.285544120446  0.515341081590 -0.244205356948  0.160869646404  0.207391250228 -0.376645017726 -0.294586192143
      0.439256605865  0.131763425580  0.062954195096 -0.748853953260 -0.177325998176 -0.132932627695  0.312615422763 -0.186682023670 -0.705339054554
      0.189497802537  0.085911973535 -0.210930323620  1.300969236640 -0.016882413378 -0.383867077982  0.200727667932  0.236167100944 -0.270988043507
      0.12 -0.09019761302579948 -5.354615755310677 0.737351377163888 0.0019813226932307725 -4.2033431180673295 0.20287230331868533 5.798149872497614 1.953736486669809 
      0.15 0.044190377338453726 3.962598546479066 -2.199155202315332 -0.002051919944120165 3.184104784284436 -0.14306783657653416 -4.69031628316586 -1.8207036812395807 

S DZVP-MOLOPT-SR-GTH_robust_9
 1
2 0 2 4 2 2 1
      2.215854692813  0.170962878400 -0.080726543800  0.092191824200  0.057845138800  0.113762894700
      1.131470525271  0.127069405600 -0.209877313900 -0.162197093800 -0.094737441500  0.350414093700
      0.410168143974 -0.733925381700  0.683497090800 -0.605594737600 -0.369172638100  0.866785684700
      0.140587330023 -0.176971633900 -0.625512739500 -0.213309789800  1.155699504700  0.217880463100

Mo DZVP-MOLOPT-SR-GTH_robust_9
 1
2 0 3 7 3 2 2 1
      2.540273246178 -0.578530819221  0.207479779241 -0.299914438061  0.307100812758 -0.056135943926 -0.149151531382  0.078318936957  0.090482429273
      1.999996221023  0.255133124027 -0.231957971109 -0.417466028636 -0.375633370985  0.137590516968  0.289650418561 -0.193587305622 -0.158221499177
      0.894040376874  0.676100594670  0.285544120446  0.515341081590 -0.244205356948  0.160869646404  0.207391250228 -0.376645017726 -0.294586192143
      0.439256605865  0.131763425580  0.062954195096 -0.748853953260 -0.177325998176 -0.132932627695  0.312615422763 -0.186682023670 -0.705339054554
      0.189497802537  0.085911973535 -0.210930323620  1.300969236640 -0.016882413378 -0.383867077982  0.200727667932  0.236167100944 -0.270988043507
      0.12 -0.10880071911246417 -7.082733079614552 1.745426820086987 0.0028935384752851543 -5.594131904035905 0.26505581170082293 7.855470582026016 2.758869209891748 
      0.14 0.06272704285098399 5.68720629096385 -3.207284059969213 -0.0029630272069859367 4.5721624227759765 -0.20511608315295515 -6.743966374440808 -2.6246775431777514 

S DZVP-MOLOPT-SR-GTH_robust_10
 1
2 0 2 4 2 2 1
      2.215854692813  0.170962878400 -0.080726543800  0.092191824200  0.057845138800  0.113762894700
      1.131470525271  0.127069405600 -0.209877313900 -0.162197093800 -0.094737441500  0.350414093700
      0.410168143974 -0.733925381700  0.683497090800 -0.605594737600 -0.369172638100  0.866785684700
      0.140587330023 -0.176971633900 -0.625512739500 -0.213309789800  1.155699504700  0.217880463100

Mo DZVP-MOLOPT-SR-GTH_robust_10
 1
2 0 3 7 3 2 2 1
      2.540273246178 -0.578530819221  0.207479779241 -0.299914438061  0.307100812758 -0.056135943926 -0.149151531382  0.078318936957  0.090482429273
      1.999996221023  0.255133124027 -0.231957971109 -0.417466028636 -0.375633370985  0.137590516968  0.289650418561 -0.193587305622 -0.158221499177
      0.894040376874  0.676100594670  0.285544120446  0.515341081590 -0.244205356948  0.160869646404  0.207391250228 -0.376645017726 -0.294586192143
      0.439256605865  0.131763425580  0.062954195096 -0.748853953260 -0.177325998176 -0.132932627695  0.312615422763 -0.186682023670 -0.705339054554
      0.189497802537  0.085911973535 -0.210930323620  1.300969236640 -0.016882413378 -0.383867077982  0.200727667932  0.236167100944 -0.270988043507
      0.13 -0.14324032177125018 -8.426835236719285 1.065732231827944 0.003084575254299806 -6.610810311293753 0.319675122055555 9.101973887682007 3.053231511799942 
      0.15 0.0973815642596425 7.040941109213124 -2.5250562694135894 -0.003156261169612019 5.596230876942588 -0.260116840222997 -7.999967732014329 -2.9216794658435474 

